3
2
H
B
C
-999
N
D
E
-999
0
3
1
N
F
G
-999
2
P
H
I
15
4
H
J
K
15


0 0 0 1 0 1 1 0 0 0 0 0 0 0 0 0 0 0
0 0 0 0 0 0 0 0 0 0 0 0 0 1 0 0 0 1
0 0 0 0 1 0 0 0 1 0 0 0 0 0 0 0 0 0
1 0 0 0 1 0 0 1 1 0 0 0 0 0 0 0 0 0
0 0 1 1 0 0 0 0 1 0 0 0 0 0 0 0 0 0
1 0 0 0 0 0 1 1 0 1 0 0 0 0 0 0 0 0
1 0 0 0 0 1 0 0 0 1 0 1 0 0 0 0 0 0
0 0 0 1 0 1 0 0 1 1 1 0 0 0 0 0 0 0
0 0 1 1 1 0 0 1 0 0 1 0 0 0 0 1 0 0
0 0 0 0 0 1 1 1 0 0 1 1 1 0 0 0 0 0
0 0 0 0 0 0 0 1 1 1 0 0 1 0 0 1 0 0
0 0 0 0 0 0 1 0 0 1 0 0 1 1 1 0 0 0
0 0 0 0 0 0 0 0 0 1 1 1 0 0 1 0 1 0
0 1 0 0 0 0 0 0 0 0 0 1 0 0 1 0 0 1
0 0 0 0 0 0 0 0 0 0 0 1 1 1 0 0 0 1
0 0 0 0 0 0 0 0 1 0 1 0 0 0 0 0 1 0
0 0 0 0 0 0 0 0 0 0 0 0 1 0 0 1 0 0
0 1 0 0 0 0 0 0 0 0 0 0 0 1 1 0 0 0